$ANSIBLE_VAULT;1.1;AES256
37633530343132633536653933613364303638643266653864333165313437366339363266326430
6135336132356433376164313862313962666539616536300a376330646437616332633031666237
33373530313838356163663562386136653332353632303435396339366633356263353833363533
6363383961653161360a346266626535386662373561376661626264663866663836396532613035
62393131346639643164616461626632666635356363303732663939343939373034303239623939
32313333326662613463336330306162326635353639376138313337343630376134636435366231
34376631346432656539383666633031306537316135373031323834663263343865626565613266
62633166653035643137616333346466326364336536613063366266666632396637636564623638
64343730616461623136323536373465613035313666346264373037393733383265316434333939
61626162313336333462313661643061653336333234313662376538613835323464626536656162
30313864643733326539343636613933363162623635323135356265306439366434643137363935
35366334383265646132306639653064323131363761333962333836336233303131393661393739
39326230313166363363366131633832666436316535393132363936393666656664336132663562
61316534383565303463646136386531333865323162313762326662336637393234366230633965
61383366323536633462373239653739396630323961383132373833373239663032323063346632
65353665376532366561316165616332653464346164346331383066323631306665366538363430
39306138643363386431393361336164333266666563626661613166366433393031623237393836
63613739313233666639313038323137303531313530373338316234613736643865333337366461
33613032383134393038353732623662316430323864303634303832346232663734343532386239
62306234663735336365336433616632613637323739663633386637333034323539616138323137
31366334613862346431393861353965373961333762306534353761303562343832306539383432
31373435323937363839663366326135646235353432373835323837386233633339373664363530
35613932373735643565656165633630363664316234353632633437626634663639333638333332
34633433393130336134396564346238336463333533626530303537303062353934646633346266
33313533366536373837393464393632613538336564373639396531313337636335313964663766
37643435343139393834326265383937393139666631396132316262386361333735396366656563
31626637313237656233376238356635626237623931663939663732316539373463666635653861
61613666336266646632356539623065666339363833666335366339373464333961653963393663
62666637646138316631353164306330653661393363306230383164336536323635343836356265
37636339396561356564303631356539626363363236393766333630623433633330376264343464
32643231373638346130353765616366306137313464383536363966333864303030643138333137
37386332623839303633303135666465313635356466633035393434616430383635356362316230
66343664666437616631363332666536343437383036383833653665393837356130666433316264
33356266376537303535343137623233363864643330343661623131386262663437306132626663
36643034633136316361323230356639353537366331643434363139336139616239353033313833
61316136373032373561633164313330373732666566383039666538613064616663326332303064
62643466623433373432653836303939383335353165663264346238316638613432646634333363
34356334626532303532616436356663393834633861323437316632353666393563663135613138
62383061616332393630356364663735633338643665363266386262376639613361666432653238
63636662656561323836316330363561313164666436363837653634373037323933326234363439
61666238366434313839666430386162366164656161643366636237616134386235316331636663
35663239393039626235393334653662393533666133613439326233633161373966363739613534
34646366373464626462616233363865393432386236646239346131303034373331383534393664
62316339326435326639336361636638633161636565643539663761366534373337343366653064
36323930343335313634663032303062613531623163613137383233383534303763323531343239
63323834616133356164626462343836633762366166316162366461353065666438303036386133
39613263633332636362316139666366393833303462393236633965343663613765353561373836
39323961633734643238613666646165363964656165393830623331623237663939313336343532
39373337656434656462653961323838386164366334346130303461653566653835353665393235
66323336396636616163623837383238366462613332626262353034666466663732333037366635
34333930326531353533393531373330633931376363316163666234656465616631306565353632
35346132396331383061313561346362326330363238373362653864316239343562323761643266
31613164653831313733363336356263306462626534663635303165373362636636613837326534
30323135303664616338323535333532356665396361303930613762656239313237616266373937
64613034393338636639643166646432393839343238396264633831626662653434616464613732
31383631303265346436303839303738656461663238633362653734326437346563333930306237
65386239363366323436383735303564326463323632353863343839363837333261366363663433
65663639326562316637623566373932623530383465333136306432386666663362346634616237
34336236613535303963633939333962656233346661383033613863383135373136353136383730
36313235323265643265333430343735656334633832666165646665663839616634306339643338
38626432386461656438313934376335376339393833323863646137386630316162326234356330
36623939656134313433393636313262343763326636383063376434353064353239646331353765
36353439323664353238303533336562323937643434366636316563636535663230616361333463
30396664646235333763633061633238336363366331393035303962613165653633393934373365
30333232393035336239383334303639306539653038373235323930666135636237356133376330
30353833376233306333323435336562356666623865373365373561666536643165376336376537
66383464383064643738613564643265316530633565653166373330653539623861653935643834
64393937316130346462333335323836666337313532623166643262306435356162323030303832
30636264313535313632613833363063313334383137383230653536393263643235326332356635
62323433343537653166363837386231643765396632613737386266633463326637633766333864
62333732646165643764346633336165303965303764313063306436633837363563353334373139
32663162653165653530396133316365623539316565376161643932383331663731303131396439
65306661393232366130303463333334386136616330316538353639653562363435353336306631
30633231626131643431373032353333336532306164636663366231366435306333366331653161
65326566313764376233303535316439643438383635376639353835353464626361656632643430
33386136656365663231643035626661343832323136303632636365393536343939386363323265
61633235313466313563613839333638383732616538663238356361353037666336653538353465
37303934653131643530363235626666393132343164386539326262383631326664383963353933
63356363636138353137656435363132386337666230353363616135313161653936626330356438
37326130353431646261386431306336303964326334326532633963626432626465366433653162
65353132373165343966346664303565373737663633613334663232323463636232643665366462
30333232336439623566363631353765393931353735316636616166663065336162323564366439
35386639663136326661316633613465343066353438303838653935656461666639643135303263
39376463363562343563306262353839663365316636356663663335336662313534656234626333
62363264393234653166303138316239636364643332326466323862306563396162373563623337
37366234313332636437343231393437366138656265393331303835613833663563353639313466
39643535366237623462343739623235353265623062646131643933376132363535653631363533
39333130643239613030353034666530333938353036643734333230346164643938323638343435
34636236316461303031626338313361323132636136363566313633383362616533636166616234
35346531326235623562633161663738643361613031343433636638346430336131373531623466
66373238373061653531363765363331306261356234386537613835393064356264313534616533
36656130363135303065306263303262333031643065643734363064653238303030373239363361
30313632653333366636356264363038396464346363313634613832346361393466356430346337
39336432646332323432383731303962616362313932393038376138663637656236353166326536
34653839663964336362636330663731316265363936373734393137346636336366633262396338
30646535336666656531326337383562336533303062336662393961303465323234633165306232
61663662363233323639303163623131343433383037313837333232313734396566313461323065
32613762363530656436313336336437343236653139626364393936333239353661663161356534
36393132656131346566636433646239626337376632336634373831646261316336303135636330
65313332326565303836333232313233626135653032653839323666666535396463373832663030
38333566636138393363366138653162636366643863303661303665656239643336653164656331
39383462383733383736373564663839636132643962363466393265396563323661653539353766
35386537666337636161383863636365626265383634626561373934326162393938666134666262
36333330353863333361666437323237663830346235313863663930653566613133656364626466
63373337613931656637656463623166396132656362613135666337383263383537363036313639
30643366396366663134346636376366383430343966326330643537643637663836613965393233
31303438306536663430623164356464373838633366633664386265366265373235333361326639
35316366643830313538666562366434323863636532303461626339396266343338396365393064
34366562656130383631636330366265333239626662613430623837346539633563393539366265
35666634666365323465366536343939343364303966333637303232323033663763396362623861
34396531626139346333653466663962323431633036306632356433306361383935376563666135
37393166666137303238353063386565353966636434303663373730303639303635323633363861
61376464353564663764643165393237333131346461643239656161323239323937643335376664
33316331363964656632386439383464626662343239666436336166396465656565633036356465
31393062333035633334636133656261646631323264396333656439623865633139666464613532
62623730353462376266393834613063393035653530353161356439396632323661633331396635
39336534336663303233643233353236656462363861643035313565643564363936343739366363
66613132623934343633323830396464386135333366633839323931373666633734666632643365
31393936623266623263656162346364396466376461393032373131666662326462313635613465
63623364633637313132373938343036333632386233346631326631313336316662633433663562
64333463376366366332353333353736356363316436366232343136636665653537333530653234
65363664323036386261666465306362303162636536383731383537646339643033643163666433
34393036313433326562613935383361373230363633633361366366623533616532646538376566
31626365323130323737633630373562313362333535646432623864333430666630346639653764
39653963626632663537366463336466623130343064643235383436376630316236336363313965
32613237346563386165333962386566326238616662373466323936666162643332363832663939
31363065396661646466333531383337633661313833393239393138383934386333326434626362
65633139396333626134653230613531343234656530626266663065633535323136373066623137
31626231663634643264633565336334366234353364616237616438616561343764636637623665
30373262386234363533646363343630313833636636366262326637396432666534393431323532
65396636343061386530626233666166383433396634313830313533393936323561633766346533
35663333323565653434656165643638373963356132393839623034336430653135663365353963
37343636366163646366343435386634616139356464346433346630333666386366383037386131
33353433373633383333393439663461383531616138303466363430386535663937303964363331
65653834633139656139666634613633666238666236666632326434356661383264393431393164
32353063333238363231306438316664303966623966643330393436313339656661393033306233
39393363613832663339653463396438303039623638643734326137643863613931623533323665
37656333643365623565643732376664653566313830643631383937353564663462646134623436
34373339653331656362636232386465376263396330623030363934336631343563343430353433
35653230643734356431383363363133346230353531636231346134323261376332303731653535
66343539306164626338666438333365333231303830353864613030336161653833336162383234
64323063343466623062306364653763633338393163346532633161333962363063333265303634
38376430386236326530656266333931663333323263646331323966646164303062323234623632
66353939633431393036386164333437363138363966303639303936373431646365346432396339
38346264306430343038363666313562326638663634616239613364646335623139653231353036
37376130333531623164613463343462336362636438393637346330333961636365633562353833
30343136643537626264616661633662393132613564343133356664313834353062316135333333
34653537333936383665303937633834663036323739353136393532616430333039343631333931
61363034653664313335656664656332346439353434396362636632366263636662623533353234
39313333356633303762623530393534313162356437613763336636383364623636346432343736
31623839343333326366353066626363363739313866313837653464366264656139633331353462
62623863656234393530653732313536363632363534393663666631326263353033366537616563
37636137373232666161356530386463306537323035623131623661336439316434656639383064
62643233363839653239373231633230326236646665643863363330303130373237343331623434
34313461303539363462323539373662376230653335653332666662326438313461383636656166
38383662383336653439633761376339396232333131353236363635346261356132343161633562
61643035343133653936636563376462316639353664386530323431303634383462343434326362
63386363356331643237363166383835323938373262383235343334646131376430353539626134
34356364336464663966666464326261316331373733656331363033366638306166663162666230
38316134613065386666646432366565373163636630626634653062626139353162326131626133
61363639343763316162336333353436343037326435363263336434616263306538333630653138
30303938313231643131363433373665333930663137356433363462323966323236393037366231
65333138353035613637366639663735383061316139396264626137643339363838643762313862
34613463313466316338623236636536653863313164306231663862373165346536393139353734
63383964633263613832633662326438633437313035343131383930376561623331366165346133
63346537313766653131373337646561333435323439626634343735366634333836623962306664
39653736623262613131386631346235666438303033623638626363343133396662336230333365
31663038616334376437623932333030646537386138666130383338323962616336613932386164
35333837633434386366363534343633616338626261656262643566343236656639363363623738
62653866376536643935636165316463613666343164613231363265373535636436633532623531
33396666396632303734386533373636653065333930363735336635363838633532356164643531
66306637383563303861613734653161646365623438383331646561656666616664323962353663
32353334656237333663393033383736646332343765653365643136363332396339
