$ANSIBLE_VAULT;1.1;AES256
38613366643836326333623063663835613364303264333361646439393738303438383934396364
3162353433663730656338646236663462366232633061660a666631663563666639343734326433
33366132636464333862386131646361653534326235333531623839336536366165663462316235
6335663635623530340a326337663032373332656132373232383166343264376563653333353339
33323739336464353032613435393839616138663261393431373362613566333531353131393934
64336337363339393032653865366638663537356362613239346130363632623633353165666565
31363136643432356164613666363263336532303932346533393034316636623762623065663538
30326233626539353637316639613063366434643134623438653631633265393565616531323661
32396336346663346638633766363233363130663136633930363737373538633938366130373938
61336439396238383936663866363237633666616433363935616531356631316664356466396532
32393739383264303238643364326663396466346136383766373335373333663565613765343235
64393762303064646239646265636463373865393461633032666137376134313862343266363736
34396662633166323966633030616635643032623763656161613564626563373063656565313537
66616363393762323861353839323832306362306436626461653833633361343733343337623238
63626439386138623337306464386264653461643232306266616439393737366333356539343635
30633037396565653835366361303538353636303231303736356436383038393637326162633735
65653837633933616239386435356635363139653635653562333033643363313030616538666365
36316361323936383662616338383635666339306363363336666562386534386230333239363166
35323338616435653432316337383037646437643965306338316532343337383463383861313233
64633031366663643932346234666638316165663139386234373938626463326162386163323364
65386334383634353464386666663863643565623662346661313232333733373835616235636338
37373631363238366436626364383536613765303464643566336563633863383766393464346533
36653332363863623436376164636264383834646433366237663331333034633032663863643435
37613137663361633763383436313638623939316461666435353865316533313665636536316164
61346262393362613236383430343138383764323534333639396564663136613965626132373739
31666337306436366532326565393531613138646161613966353531383335373163326431343062
63363235666564333336646234373230306232316561336534393439346165623639373032666532
35383530363663393239313031646137333533353061356234343463303039323337333834336536
62383034333266623362303130653261643031663262346334666635363064646437323365633364
31663536383735366530646638646230373837663061326237383832656139303166363031656430
34623764313762316366633231393164356363316337663139336433396661343638636463323634
65613535326432326335623166346530373036323261373130353863613531613066663464636136
61316335616230636432323236633662333265613733643963333532336662316437356162613466
62633638366138613863616635353531633036613761643432323739313265666164633336633533
33356633366266353664393739323736343633643363343136633561616436633436303436646131
37303835313838353735333631656261613933343239346431393861636263643463343735623962
64376364323633346563313165666135396163656639386232326432643165653464393762326135
62383663316162376661613639306462313766613331383332373362623239643833353066346334
33663731306562393533346632303562326237376531653166323332393130316238306362326330
65363063636361643239313062643131373635366138623634363666323364643436353231633137
62613834623434633934326164393964343238613137336465373333623031343966343962396238
65666462646532626235393835333830393565653663383462633130326131343130373165306462
33626164383138303466353738353230623132366161323932383234633761306332313530663861
62613362316135326461326563613565636164396238393333376162363233666233623561303930
30376437303032383761613166393662613064393764336263313233393761376165343461376130
36306336636465353662616137613337616166303833343639643633323330356465646531663465
63376534613064666435613465396439363163376166316332323235333963383239616261383263
30306439656166353632646434333632396363323762626539343163656161303363623637643332
61373130343133343064363561666364383362623561393337366665346139656339343464613839
33666163313738303864653564643763383865313336656236383434666130306131383266613065
31636237386234656637343132623561633131373165383532666131303831396335643132636232
66316363376232323665373163396535343137316564623466303236313337346339383532353534
62363763313932333936313165316537336161383938326533303065323665343231393333656231
66396238633733663037626135356631633936353638313839633437366135383462653131623266
31383139646437656530663335383863383637363366336434613363393764616133383762633330
34643434363131373964333239626339373433313635383137363837366166343932323638626133
32643065646364326563316535353536623062396464663330316366353433316662363634393761
62643338613030373935663833313934346139313164613332623935346335313232346634393364
35376339336336356164383162323137623366303036656530616333613362393737313931313935
38353265663465303761373239643332653036393630346536623238636437663834386433363334
33323461306134323765366139653337306435373639303333623133626161623732616166346137
63643436393733306334353237376136323530356331313466663833663561353765656465303133
33663135343966356264653432343331393836616164316339626333663337643764313164363737
32326239353335623838646330383535323630383565613135666637383233366634386530656464
34646438393332343536646438616334306433353435643638613733306463303361323136653465
31333330313366633161373930386535666666303562323966303830373930613433316365376236
32666637323562303739626165636263366638313631663365356438333865636262353163383661
34313165323461653362636163333764333439333138646132656363366434353133383564643264
31653635623133336366643561643732393665343062643361383063363432623263383730373633
39353466313937613438393436653630373261303232616632636665653237623561303633353634
66313838326531646266636166636631663464393030396436326236646366393564393937383764
34306666376639363565626536643535386633633763663532666361363236333430383966383739
66343236333637303439633264393861366634393564663565643730636565303834643964366664
36343037633163383063613730336536323238346161366233656230613031356330336465643463
33353032653537303835616231363838373536326235626631393961353331363831373531373934
37316133666435616232386536613833343336653166366638663566663334396535313933663333
63306661303638326639663630333661613837313461633665653366616331623261383037316139
38356230366665323034636333393137366330643766306433646330626263393666353833396566
64356333396662343737653736613264633632393036363631616565386564333931666663656366
61323962633764343237393137306639646135643961386365346262666366663465633830663632
32663266626236333464656233346431323039643463343964333730646164653430633163353666
37303465653761323761353930633639623236343366343232383562346566343664316366363630
61646263346465313962643134306336323833373264353031613833333861636632633766386133
34363462303437353762356635363165376137323962613664363730306665363965326130376332
62303632643338636564663133313932636162343938393738373163643466393266616338633261
32333831653138663763633166663730323134623363346663636236633961393230666237393234
63646335313239363533353865363139386436626637663139363636666435303461303634643430
36336663326266393865383136626430366232386461303366366139616435633830323264323263
65613832323963373737366635393335336564376364636564313861666434653939323433393436
31303262613931326435343163656334343733643665643437306531646331353433333235326639
61313830623963613963353532633864343135376531666630306661626338343238376435363164
62653164316363623331643361336635646230353732356237663662303430363366663462396530
63346233623063646264323636633835303034616139383565636163313036616165323664343130
66306638323536306130663639353164316434636163613635366539633464323032666634613862
34363032313066636331353835313563653430653638626335653763313864326233303063356262
36623863383436333663306136343536313265656337343166383637333538343135666565613531
62626131636562643763363438373335303033663965363962363963326330666230613535373934
63666134336430373462626363656164323733643639343765633166356564313437376264663230
32316665646635393734353263633565666434333063313435353532323365383539376131336631
32373735663834346437383237613262346366633336313866653837393337346336323833323935
66663665333766663033356138333666383633313935306235383865656362343662343334306136
61613262666233646139383263623366356163653365626561376438303061653233623239636637
33633530323436653663363135626336363161356138313763363264633036313464363965626363
63393430336264393737363437323666393030393661316435346435326439306563623962653739
66316533626266663035643234373037326339343930323364323336653435623066326262636264
38393730323532346164303462343833373034326561376439353939356631346162306434333365
37353865663130393164613231383430313334313763303864643631373365656637393763326466
37653265373832343831663466396330666239616265383066653132393562376161616363653434
33643437386437306364333064636465393239363830333834343161376138663763653039333530
62376466326130313366346664343961343661323430373033313435623265333435616432303635
66336566376431326333386130613134643961323031323839353134666538663330633530663163
33653962366135656362363264623966623464336363613438643132633237353539326263613463
31643832643138646130653235633261633766376436366137646166303465626436626639376436
66313034613338356434623762626334373532643334633534383063343436353065626333376135
36323733353838623230363064643064316663326365303639663963343731653635303736343962
32333435373632623632356238353166326239643234383738343334393335333733356339303465
36386237613663313765643935386330646262323966646336303766626132633063643937373465
61653132306439323336643033313866663766393263333961656164636631343237366666326535
62393962373263376431396631373435626366343030653861373037393861383065383562396263
65616337653564663638653639343565326163623862306536633061376335376637616666336538
32343435363834616264376563323735636361306536326266623739616564653732626238376531
61386532333530373366386363356630326338616232353431323066326539643363376465636536
62376135393130303435653662616431363166356134326163333935653531376534653633643362
30656461613530663161366566383661663866376563336364306639373137346631393063316539
34636462393030663633356430306265366362343965333935383065333031666238646534366262
38343061646632303039343661646536386161333366636136306432306135303063636166336463
32633435323266613136653830353266613432393565386263633735376635323036343333623863
61383663313732666666633235393665636233306439393962356430653932373434353861306237
64613435663261363939333534373662353531346533633238343734396439623862323862646532
66333235633139323561313533313939316638383661303562313864663935663733393465396432
62306563366532363166326461366164353762313565363730636665613135383162326230653531
35386366333432313733333633373166633636343732646531386135303237363031646237356164
30346639393232383461613566323232383861653337353164323631623631643730656333326238
63306431643531646133333739313430376630613537343166366664313836636461643739363431
32663736323764373964636438303566333366383437323062626438623838333133393264613865
38656334363166643963663561663132386362313537656237386231616661353831633938653065
33346634323531643035396562623032393963383266663139313632383962663765626462623765
35663464633039336537346634383961343533326364353837396366323762323434396134666136
33613034326137396564376536626566363436303035346632333034666335333466646135336364
31656564323865616662356334623837663164373039346461373730643437653131363566313266
63333438373030393438636536353263393037633633613461343738643832323031343237346237
37613331356261393839633433613732346239336236333465383037663039336266303566383633
35356430323031623933386262623666663739643333353032616339353531316232613637666532
66613332386666393738616131663663633431373331616131353237656361666135663431323031
37373334383462366333333834336337636266646363386561613164643839386338326665313161
38313262353233363731343438386463663033613238623836663239343862386436303836363032
61626531323864396561343232653034333265353735363631306530353762393238383564623535
31663563386363393063646165393535646231613866366239326663396336393563323332633537
34396332373863653462383734303165303732313430303861333138366164343864303639363665
33373231633663646163386333316638396636353235313236346532383763643762663533373234
33333637626161303739626133303430356366326336366436373436313535633764343237373662
35656464343132633931383162333530353666636361396562663036653735383561396465386431
39386237373063366365306432643134343235636634353261666232396331313036646531373036
30646534323932666636643236343365363962646530333139346461363836383039396638313731
39313931653264353362616539643134336430373762346438323962393531656132333366303766
66636633333830313361653236643666366564363232313838313463616466326532303638353436
36613165346530356233386334393235663837616263366439316236613265373138333031346236
65386262623265646438643938316634613636353632346132396337636236616136393362666535
39373531306362383961336365656663343136636131663730376364626432373639323834333836
34306663393465326337623033336465623162386235363765663262373363313233626431623662
33653264663035306439636235666138313833393430636338396239383964653730613566333866
62663661363037373239393463623939323437633339343435326635336437656564383265643536
63636637376266613565343739333134323638363535353835373265323537653366316335386661
62666532653931373537613666656132383330353666393264663031386365306133303834343465
31303534323335656330323633333666376266313663306665636162346639363664326135316261
62396430303862626530386438326238376430376533336639633665643030343035616562343461
63353833336432363664623436633832326166633930613837393732396666653734643232316633
33373065306537663135363535613238353833313233613264633036326331313463393538386534
64323036353733393235636531363763613739666235353835363763656336643031653131353564
64666163613161396662633261616163313031616562383331303235316331623637613764383563
39633563323665326132396165386339313638623236396637653533316432666365653230363864
63323432656434303164646330663632656432646163646439326634313238396235346538323832
62366361303530303236636139393236373630333063356462353938346364386233
